name	taxonomy_id	taxonomy_lvl	SRR24907820.bracken_num	SRR24907820.bracken_frac	SRR24907833.bracken_num	SRR24907833.bracken_frac	SRR24907834.bracken_num	SRR24907834.bracken_frac	SRR24907850.bracken_num	SRR24907850.bracken_frac	SRR24907851.bracken_num	SRR24907851.bracken_frac	SRR24907852.bracken_num	SRR24907852.bracken_frac	SRR24907864.bracken_num	SRR24907864.bracken_frac	SRR24907865.bracken_num	SRR24907865.bracken_frac	SRR24907866.bracken_num	SRR24907866.bracken_frac	SRR24907867.bracken_num	SRR24907867.bracken_frac	SRR24907869.bracken_num	SRR24907869.bracken_frac	SRR24907870.bracken_num	SRR24907870.bracken_frac	SRR24907871.bracken_num	SRR24907871.bracken_frac	SRR24907872.bracken_num	SRR24907872.bracken_frac	SRR24907873.bracken_num	SRR24907873.bracken_frac	SRR24907874.bracken_num	SRR24907874.bracken_frac	SRR24907875.bracken_num	SRR24907875.bracken_frac
Phocaeicola vulgatus	821	S	23791	0.00782	6913	0.00508	1720029	0.12831	795423	0.17135	1247864	0.27371	256820	0.07796	1274681	0.29147	602729	0.18298	408438	0.07181	37038	0.01377	1382473	0.12753	19799	0.00415	1691994	0.14364	218675	0.02615	564688	0.07095	1116169	0.13338	594177	0.09419
Segatella copri	165179	S	6681	0.0022	521927	0.38344	55930	0.00417	1880	0.0004	1511	0.00033	2271	0.00069	1404	0.00032	397	0.00012	2855368	0.502	480	0.00018	2575	0.00024	5735	0.0012	2726	0.00023	5738112	0.68623	660	0.00008	7439	0.00089	8943	0.00142
Bacteroides uniformis	820	S	16759	0.00551	3820	0.00281	1803682	0.13455	435228	0.09375	367616	0.08063	629412	0.19106	341051	0.07799	229390	0.06964	72187	0.01269	447027	0.16615	1443310	0.13314	323096	0.06774	937637	0.0796	29589	0.00354	731893	0.09196	1881373	0.22482	568932	0.09019
Phocaeicola dorei	357276	S	431030	0.14176	1016	0.00075	50326	0.00375	19135	0.00412	35236	0.00773	7158	0.00217	23997	0.00549	9622	0.00292	6199	0.00109	855570	0.31799	13918	0.00128	7080	0.00148	21026	0.00178	173957	0.0208	1563937	0.19651	873197	0.10434	18564	0.00294
Agathobacter rectalis	39491	S	438213	0.14412	3684	0.00271	1437034	0.1072	13298	0.00286	6716	0.00147	5642	0.00171	69493	0.01589	83591	0.02538	139230	0.02448	12051	0.00448	153188	0.01413	4369	0.00092	915055	0.07768	66275	0.00793	130515	0.0164	305271	0.03648	184274	0.02921
Faecalibacterium prausnitzii	853	S	122580	0.04031	36737	0.02699	570408	0.04255	46148	0.00994	82143	0.01802	29652	0.009	83823	0.01917	71443	0.02169	137382	0.02415	117768	0.04377	652007	0.06015	121047	0.02538	587509	0.04988	97250	0.01163	239285	0.03007	84001	0.01004	175027	0.02775
Bacteroides ovatus	28116	S	27615	0.00908	4104	0.00302	108182	0.00807	107739	0.02321	22596	0.00496	95570	0.02901	292895	0.06697	20459	0.00621	26869	0.00472	82281	0.03058	525469	0.04847	129210	0.02709	312043	0.02649	164329	0.01965	240600	0.03023	253672	0.03031	542551	0.08601
Bacteroides cellulosilyticus	246787	S	1753	0.00058	595	0.00044	660628	0.04928	523410	0.11275	121080	0.02656	124777	0.03788	1108	0.00025	2692	0.00082	2160	0.00038	119466	0.0444	1828	0.00017	61316	0.01286	499083	0.04237	3922	0.00047	916373	0.11514	9664	0.00115	3385	0.00054
Bacteroides stercoris	46506	S	3506	0.00115	2107	0.00155	261627	0.01952	5447	0.00117	322196	0.07067	30369	0.00922	1538	0.00035	360787	0.10953	65246	0.01147	1224	0.00045	766718	0.07073	396351	0.0831	167739	0.01424	26522	0.00317	2922	0.00037	105570	0.01262	8343	0.00132
Bacteroides thetaiotaomicron	818	S	32949	0.01084	5677	0.00417	216746	0.01617	391490	0.08433	172764	0.03789	70743	0.02147	53767	0.01229	55702	0.01691	56802	0.00999	83474	0.03102	424279	0.03914	21217	0.00445	226879	0.01926	40677	0.00486	25998	0.00327	465506	0.05563	125147	0.01984
Bacteroides xylanisolvens	371601	S	40557	0.01334	7679	0.00564	203074	0.01515	16346	0.00352	73348	0.01609	11984	0.00364	565271	0.12926	18530	0.00563	184194	0.03238	51353	0.01909	421271	0.03886	41409	0.00868	360280	0.03059	36833	0.0044	25735	0.00323	233290	0.02788	138023	0.02188
Bacteroides eggerthii	28111	S	1421	0.00047	901	0.00066	8072	0.0006	2270	0.00049	8147	0.00179	2669	0.00081	1259	0.00029	4155	0.00126	1723	0.0003	2054	0.00076	5611	0.00052	29452	0.00617	51741	0.00439	3093	0.00037	3666	0.00046	39366	0.0047	2131366	0.33788
Alistipes putredinis	28117	S	56988	0.01874	231	0.00017	506575	0.03779	106919	0.02303	1748	0.00038	34548	0.01049	123176	0.02817	126232	0.03832	94692	0.01665	89394	0.03323	426103	0.03931	30665	0.00643	11875	0.00101	203141	0.02429	188550	0.02369	294841	0.03523	295	0.00005
Parabacteroides distasonis	823	S	48776	0.01604	3397	0.0025	189021	0.0141	178602	0.03847	13708	0.00301	187586	0.05694	159112	0.03638	77651	0.02357	30972	0.00545	44929	0.0167	169331	0.01562	216095	0.0453	114089	0.00969	71756	0.00858	134950	0.01696	25949	0.0031	66524	0.01055
Parabacteroides merdae	46503	S	33146	0.0109	760	0.00056	117000	0.00873	67447	0.01453	68386	0.015	28904	0.00877	4174	0.00095	848	0.00026	108115	0.01901	13417	0.00499	2383	0.00022	361281	0.07574	466237	0.03958	2078	0.00025	163279	0.02052	75543	0.00903	151322	0.02399
Bacteroides fragilis	817	S	44453	0.01462	2464	0.00181	102331	0.00763	27015	0.00582	122964	0.02697	40746	0.01237	76921	0.01759	46018	0.01397	30519	0.00537	88359	0.03284	362710	0.03346	142604	0.0299	80633	0.00685	17098	0.00204	63292	0.00795	135118	0.01615	59745	0.00947
Alistipes shahii	328814	S	32225	0.0106	492	0.00036	181186	0.01352	81547	0.01757	73901	0.01621	42466	0.01289	81968	0.01874	18193	0.00552	16512	0.0029	2356	0.00088	174294	0.01608	54949	0.01152	655534	0.05565	17448	0.00209	39394	0.00495	5172	0.00062	140	0.00002
Simiaoa sunii	2763672	S	3355	0.0011	13449	0.00988	18848	0.00141	90047	0.0194	3422	0.00075	3529	0.00107	2460	0.00056	287919	0.08741	16162	0.00284	3221	0.0012	13457	0.00124	893	0.00019	85923	0.00729	14026	0.00168	104095	0.01308	38155	0.00456	143724	0.02278
Ruminococcus bicirculans (ex Wegman et al. 2014)	1160721	S	161958	0.05327	422	0.00031	4093	0.00031	1646	0.00035	912	0.0002	2283	0.00069	8874	0.00203	176723	0.05365	11673	0.00205	58656	0.0218	162547	0.01499	314	0.00007	52107	0.00442	167	0.00002	137979	0.01734	249	0.00003	15393	0.00244
Bacteroides caccae	47678	S	89774	0.02953	1243	0.00091	43219	0.00322	25199	0.00543	4072	0.00089	68778	0.02088	66795	0.01527	24386	0.0074	98645	0.01734	60248	0.02239	190575	0.01758	12898	0.0027	206556	0.01754	30641	0.00366	15426	0.00194	10045	0.0012	1097	0.00017
Alistipes finegoldii	214856	S	4354	0.00143	1441	0.00106	12948	0.00097	206512	0.04449	2988	0.00066	14864	0.00451	46222	0.01057	17431	0.00529	8311	0.00146	6438	0.00239	281687	0.02598	64677	0.01356	309408	0.02627	22130	0.00265	23909	0.003	34783	0.00416	57	0.00001
Roseburia intestinalis	166486	S	21017	0.00691	3585	0.00263	161139	0.01202	79953	0.01722	10289	0.00226	7045	0.00214	30224	0.00691	138072	0.04192	15651	0.00275	2232	0.00083	237650	0.02192	3806	0.0008	25167	0.00214	3228	0.00039	113360	0.01424	42456	0.00507	28705	0.00455
Paraprevotella clara	454154	S	12348	0.00406	1133	0.00083	510274	0.03806	181	0.00004	617	0.00014	33866	0.01028	174	0.00004	29	0.00001	8043	0.00141	555	0.00021	6017	0.00056	137165	0.02876	577	0.00005	51455	0.00615	2266	0.00028	241249	0.02883	137	0.00002
Alistipes onderdonkii	328813	S	2087	0.00069	692	0.00051	22325	0.00167	64766	0.01395	44478	0.00976	3432	0.00104	76161	0.01742	36224	0.011	5003	0.00088	25825	0.0096	10484	0.00097	16844	0.00353	101729	0.00864	67550	0.00808	11166	0.0014	234740	0.02805	23	0
Segatella hominis	2518605	S	838	0.00028	127304	0.09353	6913	0.00052	645	0.00014	859	0.00019	79	0.00002	77	0.00002	46	0.00001	33329	0.00586	46	0.00002	212	0.00002	1199	0.00025	192	0.00002	131329	0.01571	136	0.00002	981	0.00012	73	0.00001
Alistipes communis	2585118	S	23244	0.00764	724	0.00053	94089	0.00702	59844	0.01289	1530	0.00034	38326	0.01163	11922	0.00273	14445	0.00439	47141	0.00829	19982	0.00743	83936	0.00774	37044	0.00777	90755	0.0077	1669	0.0002	42635	0.00536	5990	0.00072	133	0.00002
Akkermansia muciniphila	239935	S	249	0.00008	284	0.00021	80078	0.00597	127666	0.0275	2148	0.00047	776	0.00024	437	0.0001	128	0.00004	477	0.00008	137	0.00005	52234	0.00482	2071	0.00043	326199	0.02769	1532	0.00018	1129	0.00014	2688	0.00032	139476	0.02211
[Ruminococcus] torques	33039	S	26419	0.00869	2093	0.00154	28716	0.00214	7933	0.00171	100254	0.02199	67995	0.02064	7224	0.00165	17937	0.00545	11209	0.00197	1282	0.00048	18917	0.00175	16449	0.00345	15453	0.00131	4130	0.00049	49166	0.00618	79139	0.00946	5606	0.00089
Bacteroides faecis	674529	S	3994	0.00131	2875	0.00211	22561	0.00168	4716	0.00102	8588	0.00188	1833	0.00056	19844	0.00454	1581	0.00048	3247	0.00057	2198	0.00082	14226	0.00131	226350	0.04745	13357	0.00113	3409	0.00041	160402	0.02015	23905	0.00286	8529	0.00135
Lachnospira eligens	39485	S	55171	0.01814	1672	0.00123	35166	0.00262	2748	0.00059	11781	0.00258	4247	0.00129	10032	0.00229	57724	0.01752	32653	0.00574	5363	0.00199	43676	0.00403	1859	0.00039	20304	0.00172	4459	0.00053	24088	0.00303	87839	0.0105	68145	0.0108
Barnesiella intestinihominis	487174	S	17241	0.00567	215	0.00016	128929	0.00962	104360	0.02248	117265	0.02572	345	0.0001	17	0	46846	0.01422	76	0.00001	75	0.00003	66	0.00001	3024	0.00063	167	0.00001	44352	0.0053	58	0.00001	308	0.00004	178	0.00003
Blautia wexlerae	418240	S	55598	0.01829	2887	0.00212	46204	0.00345	8160	0.00176	59054	0.01295	18024	0.00547	21847	0.005	16335	0.00496	14479	0.00255	4493	0.00167	13897	0.00128	19299	0.00405	28875	0.00245	13968	0.00167	28608	0.00359	47027	0.00562	27999	0.00444
Flavonifractor plautii	292800	S	6921	0.00228	5349	0.00393	30390	0.00227	10757	0.00232	40423	0.00887	32039	0.00973	38893	0.00889	5703	0.00173	11278	0.00198	2364	0.00088	26160	0.00241	17792	0.00373	87658	0.00744	8012	0.00096	21520	0.0027	28108	0.00336	108506	0.0172
Odoribacter splanchnicus	28118	S	558	0.00018	1391	0.00102	65881	0.00491	53545	0.01153	30982	0.0068	5643	0.00171	39541	0.00904	28687	0.00871	38474	0.00676	4874	0.00181	1514	0.00014	1401	0.00029	155230	0.01318	52793	0.00631	34111	0.00429	17768	0.00212	1683	0.00027
Wujia chipingensis	2763670	S	105271	0.03462	5411	0.00398	4161	0.00031	1229	0.00026	439	0.0001	419	0.00013	447	0.0001	118107	0.03586	5254	0.00092	113	0.00004	1212	0.00011	307	0.00006	3556	0.0003	394	0.00005	1706	0.00021	1046	0.00012	920	0.00015
Phascolarctobacterium faecium	33025	S	18301	0.00602	67	0.00005	433	0.00003	33801	0.00728	50551	0.01109	30081	0.00913	34581	0.00791	393	0.00012	31318	0.00551	10092	0.00375	209	0.00002	135	0.00003	116970	0.00993	156	0.00002	52908	0.00665	54826	0.00655	139	0.00002
Vescimonas coprocola	2714355	S	26786	0.00881	15074	0.01107	46654	0.00348	15737	0.00339	28311	0.00621	67689	0.02055	1071	0.00024	5780	0.00175	12116	0.00213	4713	0.00175	31305	0.00289	2203	0.00046	46145	0.00392	7260	0.00087	35454	0.00445	9040	0.00108	1169	0.00019
Candidatus Akkermansia timonensis	3068329	S	0	0	0	0	0	0	0	0	714	0.00016	0	0	45403	0.01038	0	0	0	0	0	0	0	0	243931	0.05114	0	0	0	0	54604	0.00686	0	0	0	0
Faecalibacterium taiwanense	3030638	S	9378	0.00308	2982	0.00219	75499	0.00563	8396	0.00181	8531	0.00187	5036	0.00153	21373	0.00489	3551	0.00108	19629	0.00345	8228	0.00306	79011	0.00729	4971	0.00104	146973	0.01248	17288	0.00207	113685	0.01428	8687	0.00104	1540	0.00024
Dysosmobacter welbionis	2093857	S	7640	0.00251	7726	0.00568	47868	0.00357	16514	0.00356	19736	0.00433	32558	0.00988	22441	0.00513	6746	0.00205	12210	0.00215	6475	0.00241	34868	0.00322	28308	0.00593	69703	0.00592	11713	0.0014	22951	0.00288	23629	0.00282	21648	0.00343
Oscillibacter sp. PEA192	2109687	S	5870	0.00193	6207	0.00456	43486	0.00324	16864	0.00363	25938	0.00569	21320	0.00647	25501	0.00583	6164	0.00187	13838	0.00243	7521	0.0028	27365	0.00252	31078	0.00652	88172	0.00749	15789	0.00189	17990	0.00226	32667	0.0039	20377	0.00323
Faecalibacterium duncaniae	411483	S	28760	0.00946	9516	0.00699	54335	0.00405	5940	0.00128	4816	0.00106	4139	0.00126	6565	0.0015	5492	0.00167	27246	0.00479	10018	0.00372	96342	0.00889	2129	0.00045	75653	0.00642	29727	0.00356	31213	0.00392	47689	0.0057	1842	0.00029
Mediterraneibacter gnavus	33038	S	19621	0.00645	3412	0.00251	38969	0.00291	12769	0.00275	28803	0.00632	28634	0.00869	9021	0.00206	9592	0.00291	16559	0.00291	3461	0.00129	26083	0.00241	18309	0.00384	31668	0.00269	10369	0.00124	25177	0.00316	29885	0.00357	35516	0.00563
Coprococcus comes	410072	S	21292	0.007	1122	0.00082	52075	0.00388	11817	0.00255	17305	0.0038	49773	0.01511	815	0.00019	4099	0.00124	18104	0.00318	4220	0.00157	44444	0.0041	25766	0.0054	7191	0.00061	19490	0.00233	29400	0.00369	19956	0.00238	2345	0.00037
Dorea longicatena	88431	S	22652	0.00745	1328	0.00098	45629	0.0034	5660	0.00122	5545	0.00122	77955	0.02366	1319	0.0003	7279	0.00221	19665	0.00346	1614	0.0006	35761	0.0033	3907	0.00082	5478	0.00047	19670	0.00235	16054	0.00202	16441	0.00196	4543	0.00072
Roseburia hominis	301301	S	8876	0.00292	4403	0.00323	33661	0.00251	20848	0.00449	56254	0.01234	7245	0.0022	3885	0.00089	15115	0.00459	19279	0.00339	4136	0.00154	22147	0.00204	3332	0.0007	44781	0.0038	7860	0.00094	14571	0.00183	30962	0.0037	5398	0.00086
Roseburia faecis	301302	S	2914	0.00096	715	0.00053	9079	0.00068	3101	0.00067	1896	0.00042	1404	0.00043	65956	0.01508	4272	0.0013	3427	0.0006	2638	0.00098	38165	0.00352	38266	0.00802	4843	0.00041	1149	0.00014	111315	0.01399	4272	0.00051	2568	0.00041
Bacteroides hominis	2763023	S	3236	0.00106	445	0.00033	22622	0.00169	4072	0.00088	11066	0.00243	5361	0.00163	4137	0.00095	2240	0.00068	8558	0.0015	37508	0.01394	14480	0.00134	17307	0.00363	23891	0.00203	2453	0.00029	30004	0.00377	11541	0.00138	59173	0.00938
Blautia obeum	40520	S	17405	0.00572	1415	0.00104	37840	0.00282	14598	0.00314	8359	0.00183	7967	0.00242	2698	0.00062	9615	0.00292	16736	0.00294	4008	0.00149	25811	0.00238	7175	0.0015	40973	0.00348	6567	0.00079	36879	0.00463	11575	0.00138	46632	0.00739
