name	taxonomy_id	taxonomy_lvl	SRR24907818.bracken_num	SRR24907818.bracken_frac	SRR24907819.bracken_num	SRR24907819.bracken_frac	SRR24907821.bracken_num	SRR24907821.bracken_frac	SRR24907822.bracken_num	SRR24907822.bracken_frac	SRR24907824.bracken_num	SRR24907824.bracken_frac	SRR24907826.bracken_num	SRR24907826.bracken_frac	SRR24907829.bracken_num	SRR24907829.bracken_frac	SRR24907830.bracken_num	SRR24907830.bracken_frac	SRR24907831.bracken_num	SRR24907831.bracken_frac	SRR24907835.bracken_num	SRR24907835.bracken_frac	SRR24907837.bracken_num	SRR24907837.bracken_frac	SRR24907838.bracken_num	SRR24907838.bracken_frac	SRR24907839.bracken_num	SRR24907839.bracken_frac	SRR24907842.bracken_num	SRR24907842.bracken_frac	SRR24907843.bracken_num	SRR24907843.bracken_frac	SRR24907844.bracken_num	SRR24907844.bracken_frac	SRR24907846.bracken_num	SRR24907846.bracken_frac	SRR24907848.bracken_num	SRR24907848.bracken_frac	SRR24907849.bracken_num	SRR24907849.bracken_frac	SRR24907853.bracken_num	SRR24907853.bracken_frac	SRR24907855.bracken_num	SRR24907855.bracken_frac	SRR24907856.bracken_num	SRR24907856.bracken_frac	SRR24907857.bracken_num	SRR24907857.bracken_frac	SRR24907858.bracken_num	SRR24907858.bracken_frac	SRR24907859.bracken_num	SRR24907859.bracken_frac	SRR24907861.bracken_num	SRR24907861.bracken_frac	SRR24907862.bracken_num	SRR24907862.bracken_frac
Phocaeicola vulgatus	821	S	2322602	0.11466	581405	0.1975	11174851	0.43845	421249	0.13194	109149	0.06194	1250632	0.17135	245710	0.05761	565018	0.14887	161471	0.05738	509370	0.13067	11620	0.0048	360	0.0001	27641	0.0119	663377	0.03258	712908	0.16306	276346	0.06017	1004359	0.25149	425092	0.14808	189516	0.06032	1479127	0.1964	556440	0.13281	237471	0.10958	81405	0.00574	7054033	0.17644	221857	0.02913	878121	0.21378	8786	0.0029
Bacteroides uniformis	820	S	14709	0.00073	192754	0.06548	180978	0.0071	476354	0.1492	20987	0.01191	250190	0.03428	364645	0.0855	155880	0.04107	264151	0.09387	240250	0.06163	2932	0.00121	157	0.00004	226840	0.09766	579693	0.02847	791666	0.18107	310786	0.06766	519611	0.13011	198287	0.06907	51720	0.01646	754364	0.10017	797207	0.19027	12841	0.00593	6098288	0.43023	6472291	0.16189	222993	0.02928	609689	0.14843	138017	0.0455
Bacteroides stercoris	46506	S	10649	0.00053	769923	0.26154	8979	0.00035	3059	0.00096	435	0.00025	197224	0.02702	2269223	0.53207	923903	0.24343	6824	0.00242	3675	0.00094	1067	0.00044	107	0.00003	57318	0.02468	9277	0.00046	57256	0.0131	1629	0.00035	2034	0.00051	3726	0.0013	11624	0.0037	12919	0.00172	848891	0.20261	2178	0.00101	9541	0.00067	229394	0.00574	3244	0.00043	877498	0.21363	480	0.00016
Bacteroides ovatus	28116	S	45731	0.00226	125448	0.04261	2903123	0.11391	126266	0.03955	17361	0.00985	37389	0.00512	84916	0.01991	318999	0.08405	16902	0.00601	92592	0.02375	151300	0.06249	49	0.00001	36492	0.01571	196367	0.00964	28310	0.00648	115737	0.0252	494100	0.12372	77027	0.02683	3787	0.00121	178586	0.02371	16514	0.00394	621504	0.28679	47870	0.00338	1289077	0.03224	2087501	0.2741	93341	0.02272	13832	0.00456
Phocaeicola dorei	357276	S	25078	0.00124	95260	0.03236	1890327	0.07417	7527	0.00236	36221	0.02056	167187	0.02291	14230	0.00334	13472	0.00355	335605	0.11926	73275	0.0188	756888	0.31262	51	0.00001	8118	0.00349	22677	0.00111	15234	0.00348	6770	0.00147	15820	0.00396	12826	0.00447	4678	0.00149	111048	0.01475	413521	0.0987	5596	0.00258	27744	0.00196	106124	0.00265	985018	0.12934	65128	0.01586	113419	0.03739
Parabacteroides distasonis	823	S	29032	0.00143	66996	0.02276	1257052	0.04932	50587	0.01584	23689	0.01344	102019	0.01398	38251	0.00897	189527	0.04994	14514	0.00516	103314	0.0265	57173	0.02361	64	0.00002	13210	0.00569	1328110	0.06522	278350	0.06366	124994	0.02721	10633	0.00266	217218	0.07567	38113	0.01213	535731	0.07114	218552	0.05216	188615	0.08704	73604	0.00519	1641903	0.04107	7946	0.00104	56161	0.01367	44302	0.01461
Bacteroides thetaiotaomicron	818	S	29363	0.00145	43070	0.01463	144901	0.00569	161283	0.05051	7375	0.00419	23979	0.00329	43863	0.01028	230369	0.0607	85599	0.03042	229308	0.05882	14685	0.00607	70	0.00002	12271	0.00528	526404	0.02585	21358	0.00489	17158	0.00374	13143	0.00329	101138	0.03523	46266	0.01473	113948	0.01513	376302	0.08981	13692	0.00632	1663571	0.11736	1029565	0.02575	800037	0.10505	149293	0.03635	22190	0.00732
Escherichia coli	562	S	129331	0.00638	347	0.00012	3001	0.00012	194994	0.06107	70382	0.03994	14404	0.00197	746	0.00017	37818	0.00996	640	0.00023	19320	0.00496	834	0.00034	1925017	0.52683	40078	0.01725	121864	0.00598	1143	0.00026	16240	0.00354	3486	0.00087	4685	0.00163	838	0.00027	843	0.00011	769	0.00018	4503	0.00208	4565	0.00032	8414	0.00021	3218	0.00042	709	0.00017	7677	0.00253
Bacteroides cellulosilyticus	246787	S	1322657	0.06529	1255	0.00043	9026	0.00035	194883	0.06104	193	0.00011	268162	0.03674	4679	0.0011	11713	0.00309	1406	0.0005	15812	0.00406	186112	0.07687	17	0	340834	0.14674	68126	0.00335	60484	0.01383	444666	0.09681	964	0.00024	1955	0.00068	75311	0.02397	450475	0.05982	3411	0.00081	79542	0.0367	13737	0.00097	866861	0.02168	2564	0.00034	2855	0.0007	395	0.00013
Segatella copri	165179	S	6678	0.00033	330	0.00011	7152	0.00028	958	0.0003	5117	0.0029	305277	0.04183	1381	0.00032	3516	0.00093	1186	0.00042	700536	0.17971	407	0.00017	221	0.00006	567	0.00024	1337558	0.06569	493	0.00011	459	0.0001	1122	0.00028	717	0.00025	1124624	0.35793	4264	0.00057	4447	0.00106	157	0.00007	5832	0.00041	22058	0.00055	3053	0.0004	360	0.00009	450	0.00015
Alistipes finegoldii	214856	S	4303700	0.21245	12297	0.00418	24154	0.00095	36777	0.01152	4390	0.00249	70447	0.00965	1225	0.00029	134943	0.03555	67956	0.02415	31182	0.008	22873	0.00945	178	0.00005	142477	0.06134	62259	0.00306	139961	0.03201	165371	0.036	1575	0.00039	16690	0.00581	39073	0.01244	293565	0.03898	121933	0.0291	9607	0.00443	733459	0.05174	447606	0.0112	221	0.00003	3753	0.00091	113667	0.03747
Alistipes onderdonkii	328813	S	55739	0.00275	422	0.00014	1756970	0.06894	33095	0.01037	4606	0.00261	481438	0.06596	782	0.00018	4104	0.00108	2827	0.001	25338	0.0065	61009	0.0252	54	0.00001	8282	0.00357	60380	0.00297	64574	0.01477	57187	0.01245	814	0.0002	129376	0.04507	91603	0.02915	6575	0.00087	1969	0.00047	154340	0.07122	10379	0.00073	38811	0.00097	1252	0.00016	70352	0.01713	738717	0.24354
Bacteroides fragilis	817	S	75719	0.00374	16391	0.00557	538157	0.02111	69352	0.02172	13625	0.00773	34972	0.00479	37101	0.0087	28200	0.00743	95809	0.03405	25349	0.0065	23379	0.00966	74	0.00002	226650	0.09758	183958	0.00903	277992	0.06358	142834	0.0311	50618	0.01267	50992	0.01776	15709	0.005	180107	0.02392	36644	0.00875	15051	0.00695	210719	0.01487	520599	0.01302	277098	0.03639	74305	0.01809	55879	0.01842
Bacteroides caccae	47678	S	850428	0.04198	146804	0.04987	7000	0.00027	2358	0.00074	223503	0.12684	233911	0.03205	1950	0.00046	7729	0.00204	3995	0.00142	20282	0.0052	44012	0.01818	34	0.00001	1904	0.00082	481254	0.02363	2112	0.00048	1322	0.00029	8033	0.00201	5242	0.00183	40185	0.01279	183982	0.02443	24674	0.00589	196311	0.09059	10824	0.00076	869676	0.02175	13854	0.00182	3962	0.00096	88458	0.02916
Faecalibacterium prausnitzii	853	S	358361	0.01769	2838	0.00096	147339	0.00578	13290	0.00416	45208	0.02566	318249	0.0436	29951	0.00702	24262	0.00639	16862	0.00599	122434	0.03141	66365	0.02741	1990	0.00054	35774	0.0154	495209	0.02432	19574	0.00448	162139	0.0353	269037	0.06737	10620	0.0037	59912	0.01907	138934	0.01845	64503	0.01539	33444	0.01543	565727	0.03991	354987	0.00888	103203	0.01355	3076	0.00075	79170	0.0261
Parabacteroides merdae	46503	S	720227	0.03555	70082	0.02381	1721	0.00007	813	0.00025	6330	0.00359	165038	0.02261	61350	0.01438	30097	0.00793	130760	0.04647	138363	0.03549	376	0.00016	51	0.00001	2698	0.00116	1169756	0.05745	732	0.00017	66964	0.01458	683	0.00017	76401	0.02661	64854	0.02064	148404	0.01971	3372	0.0008	132130	0.06097	2693	0.00019	253812	0.00635	7447	0.00098	25211	0.00614	15288	0.00504
Alistipes putredinis	28117	S	10633	0.00052	511	0.00017	2871	0.00011	70102	0.02196	6302	0.00358	371418	0.05089	74741	0.01752	476	0.00013	258011	0.09169	116618	0.02992	557	0.00023	66	0.00002	5319	0.00229	468230	0.02299	2248	0.00051	62792	0.01367	90368	0.02263	42456	0.01479	90833	0.02891	211878	0.02813	568	0.00014	718	0.00033	2707	0.00019	714806	0.01788	91	0.00001	219	0.00005	46170	0.01522
Agathobacter rectalis	39491	S	24867	0.00123	38194	0.01297	146542	0.00575	87642	0.02745	4746	0.00269	49920	0.00684	43791	0.01027	156999	0.04137	3376	0.0012	34081	0.00874	20744	0.00857	573	0.00016	1637	0.0007	101051	0.00496	166306	0.03804	48532	0.01057	208537	0.05222	2667	0.00093	67720	0.02155	101875	0.01353	2208	0.00053	18356	0.00847	254316	0.01794	130016	0.00325	15290	0.00201	127011	0.03092	37112	0.01223
Bacteroides xylanisolvens	371601	S	19508	0.00096	76220	0.02589	548616	0.02153	69514	0.02177	3832	0.00217	71205	0.00976	21876	0.00513	21347	0.00562	19028	0.00676	21363	0.00548	40592	0.01677	19	0.00001	14594	0.00628	74807	0.00367	117345	0.02684	21187	0.00461	43710	0.01094	63577	0.02215	36627	0.01166	307906	0.04088	11461	0.00274	45367	0.02093	38562	0.00272	195432	0.00489	269979	0.03545	115670	0.02816	3231	0.00107
Bacteroides intestinalis	329854	S	11303	0.00056	327	0.00011	1551	0.00006	311526	0.09757	79	0.00004	2574	0.00035	2819	0.00066	593	0.00016	484	0.00017	20879	0.00536	1267	0.00052	0	0	1348	0.00058	593301	0.02914	86606	0.01981	117398	0.02556	139	0.00003	291	0.0001	822	0.00026	276935	0.03677	8690	0.00207	971	0.00045	3465	0.00024	16174	0.0004	760	0.0001	1246	0.0003	122	0.00004
Barnesiella intestinihominis	487174	S	488274	0.0241	23	0.00001	483350	0.01896	51	0.00002	36	0.00002	129991	0.01781	17774	0.00417	257	0.00007	256136	0.09102	70287	0.01803	15	0.00001	30	0.00001	1145	0.00049	110500	0.00543	122	0.00003	501	0.00011	99	0.00002	74	0.00003	31303	0.00996	142884	0.01897	20	0	19	0.00001	208	0.00001	3006	0.00008	42	0.00001	75	0.00002	259	0.00009
Alistipes shahii	328814	S	469457	0.02317	444	0.00015	398768	0.01565	19766	0.00619	9055	0.00514	36592	0.00501	48874	0.01146	25927	0.00683	53908	0.01916	48062	0.01233	2479	0.00102	16	0	6626	0.00285	25388	0.00125	79578	0.0182	17036	0.00371	4680	0.00117	8907	0.0031	26892	0.00856	131566	0.01747	2405	0.00057	4234	0.00195	11240	0.00079	522213	0.01306	531	0.00007	2463	0.0006	34618	0.01141
Simiaoa sunii	2763672	S	11493	0.00057	1073	0.00036	21690	0.00085	23949	0.0075	1200	0.00068	78593	0.01077	13671	0.00321	778	0.0002	2315	0.00082	115042	0.02951	53768	0.02221	262	0.00007	1102	0.00047	146595	0.0072	1512	0.00035	24213	0.00527	8313	0.00208	4825	0.00168	36915	0.01175	60133	0.00798	719	0.00017	4324	0.002	11976	0.00084	33181	0.00083	425354	0.05585	22101	0.00538	10287	0.00339
Enterocloster bolteae	208479	S	32087	0.00158	6834	0.00232	61952	0.00243	2274	0.00071	8397	0.00477	9576	0.00131	4490	0.00105	4766	0.00126	8211	0.00292	1535	0.00039	1310	0.00054	495802	0.13569	2502	0.00108	20230	0.00099	12075	0.00276	3991	0.00087	2860	0.00072	10261	0.00357	1581	0.0005	11342	0.00151	2030	0.00048	10949	0.00505	11914	0.00084	62716	0.00157	6503	0.00085	8195	0.002	3879	0.00128
Flavonifractor plautii	292800	S	201830	0.00996	8851	0.00301	72714	0.00285	12841	0.00402	12884	0.00731	31887	0.00437	37344	0.00876	7504	0.00198	47472	0.01687	7865	0.00202	6194	0.00256	1456	0.0004	11204	0.00482	100505	0.00494	24219	0.00554	12449	0.00271	8976	0.00225	19788	0.00689	9828	0.00313	71675	0.00952	11763	0.00281	17875	0.00825	175975	0.01241	615328	0.01539	46499	0.00611	45533	0.01108	16778	0.00553
Candidatus Akkermansia timonensis	3068329	S	1407854	0.0695	0	0	0	0	0	0	470	0.00027	0	0	0	0	0	0	0	0	0	0	0	0	0	0	0	0	22405	0.0011	0	0	0	0	0	0	0	0	0	0	0	0	0	0	0	0	197894	0.01396	0	0	0	0	274509	0.06683	30689	0.01012
Akkermansia sp. AE01SA01	3115151	S	200904	0.00992	35	0.00001	381	0.00001	388	0.00012	0	0	32	0	0	0	0	0	194348	0.06906	21	0.00001	0	0	0	0	114021	0.04909	279	0.00001	59	0.00001	64130	0.01396	0	0	57	0.00002	0	0	0	0	0	0	14	0.00001	188741	0.01332	276	0.00001	0	0	1899	0.00046	4180	0.00138
Akkermansia muciniphila	239935	S	84397	0.00417	1244	0.00042	662	0.00003	9948	0.00312	196989	0.11179	463	0.00006	151	0.00004	2226	0.00059	183	0.00007	6135	0.00157	572	0.00024	793	0.00022	1073	0.00046	3561	0.00017	279	0.00006	452	0.0001	203	0.00005	2206	0.00077	51639	0.01644	297	0.00004	59	0.00001	103	0.00005	59324	0.00419	6755	0.00017	174	0.00002	5404	0.00132	1706	0.00056
Phascolarctobacterium faecium	33025	S	650	0.00003	41072	0.01395	226564	0.00889	45638	0.01429	6430	0.00365	84176	0.01153	94	0.00002	71	0.00002	33818	0.01202	8428	0.00216	10067	0.00416	62	0.00002	87	0.00004	85556	0.0042	56269	0.01287	31992	0.00697	35357	0.00885	11453	0.00399	14230	0.00453	142	0.00002	27	0.00001	23276	0.01074	347	0.00002	199451	0.00499	113	0.00001	48344	0.01177	12754	0.0042
Blautia wexlerae	418240	S	23788	0.00117	22707	0.00771	67166	0.00264	14178	0.00444	3892	0.00221	67529	0.00925	19377	0.00454	16165	0.00426	20683	0.00735	11959	0.00307	17014	0.00703	604	0.00017	2621	0.00113	71547	0.00351	29428	0.00673	19319	0.00421	13157	0.00329	40721	0.01419	45657	0.01453	31064	0.00412	33296	0.00795	16486	0.00761	97995	0.00691	155842	0.0039	37537	0.00493	9015	0.00219	10881	0.00359
[Ruminococcus] torques	33039	S	24532	0.00121	4965	0.00169	60756	0.00238	2503	0.00078	18930	0.01074	74684	0.01023	14926	0.0035	14948	0.00394	72681	0.02583	10172	0.00261	6107	0.00252	470	0.00013	6672	0.00287	50634	0.00249	58622	0.01341	14426	0.00314	5365	0.00134	33755	0.01176	10910	0.00347	15110	0.00201	1227	0.00029	1718	0.00079	37859	0.00267	479598	0.012	16922	0.00222	2509	0.00061	42241	0.01393
Ruminococcus bicirculans (ex Wegman et al. 2014)	1160721	S	6291	0.00031	58	0.00002	10297	0.0004	701	0.00022	1637	0.00093	17922	0.00246	513	0.00012	3747	0.00099	17071	0.00607	66865	0.01715	22213	0.00917	29	0.00001	24444	0.01052	423408	0.02079	83718	0.01915	133277	0.02902	3783	0.00095	1400	0.00049	19495	0.0062	27112	0.0036	226	0.00005	1507	0.0007	71520	0.00505	19319	0.00048	15762	0.00207	61	0.00001	3571	0.00118
Roseburia hominis	301301	S	29622	0.00146	1999	0.00068	17005	0.00067	25909	0.00811	4859	0.00276	57070	0.00782	61715	0.01447	20310	0.00535	2652	0.00094	26497	0.0068	71414	0.0295	5250	0.00144	2639	0.00114	134743	0.00662	8506	0.00195	62073	0.01351	14232	0.00356	2118	0.00074	19813	0.00631	6404	0.00085	2255	0.00054	5416	0.0025	8884	0.00063	75438	0.00189	33398	0.00439	1873	0.00046	10289	0.00339
Odoribacter splanchnicus	28118	S	7641	0.00038	21611	0.00734	640	0.00003	31101	0.00974	10109	0.00574	20288	0.00278	30616	0.00718	25786	0.00679	24698	0.00878	47710	0.01224	215	0.00009	105	0.00003	32922	0.01417	45645	0.00224	45836	0.01048	34994	0.00762	92	0.00002	30908	0.01077	24331	0.00774	58346	0.00775	634	0.00015	637	0.00029	1347	0.0001	37516	0.00094	606	0.00008	944	0.00023	7068	0.00233
Akkermansia massiliensis	2927224	S	49453	0.00244	56494	0.01919	0	0	67790	0.02123	139	0.00008	160	0.00002	0	0	0	0	2701	0.00096	0	0	0	0	171	0.00005	131	0.00006	512	0.00003	0	0	80	0.00002	0	0	231288	0.08057	115	0.00004	0	0	39	0.00001	0	0	7904	0.00056	7979	0.0002	0	0	472	0.00011	200	0.00007
Bacteroides eggerthii	28111	S	8284	0.00041	144305	0.04902	744	0.00003	3372	0.00106	362	0.00021	3732	0.00051	14571	0.00342	2916	0.00077	1263	0.00045	2024	0.00052	95250	0.03934	66	0.00002	5152	0.00222	164243	0.00807	3682	0.00084	1316	0.00029	687	0.00017	2982	0.00104	438	0.00014	4893	0.00065	14069	0.00336	398	0.00018	8370	0.00059	21719	0.00054	1816	0.00024	7524	0.00183	298	0.0001
Lachnospira eligens	39485	S	28868	0.00143	596	0.0002	65783	0.00258	460	0.00014	10954	0.00622	14400	0.00197	662	0.00016	10858	0.00286	14969	0.00532	32516	0.00834	20895	0.00863	2376	0.00065	2400	0.00103	74901	0.00368	4012	0.00092	121997	0.02656	14344	0.00359	3180	0.00111	6405	0.00204	50997	0.00677	135	0.00003	1375	0.00063	39747	0.0028	30830	0.00077	8750	0.00115	18369	0.00447	64381	0.02122
Vescimonas coprocola	2714355	S	116100	0.00573	351	0.00012	11369	0.00045	3047	0.00095	29830	0.01693	45565	0.00624	1532	0.00036	5143	0.00136	3483	0.00124	11744	0.00301	9199	0.0038	41	0.00001	5922	0.00255	350531	0.01721	6245	0.00143	23972	0.00522	9578	0.0024	17922	0.00624	11833	0.00377	2503	0.00033	680	0.00016	272	0.00013	5492	0.00039	710573	0.01777	19193	0.00252	705	0.00017	39443	0.013
Roseburia faecis	301302	S	6250	0.00031	669	0.00023	36524	0.00143	1081	0.00034	720	0.00041	6149	0.00084	1182	0.00028	27052	0.00713	488	0.00017	26337	0.00676	2695	0.00111	248	0.00007	381	0.00016	58089	0.00285	6119	0.0014	76837	0.01673	104341	0.02613	477	0.00017	1475	0.00047	237248	0.0315	589	0.00014	23476	0.01083	14651	0.00103	43411	0.00109	5088	0.00067	1034	0.00025	2605	0.00086
Mediterraneibacter gnavus	33038	S	37231	0.00184	16895	0.00574	43017	0.00169	12056	0.00378	10115	0.00574	40428	0.00554	12169	0.00285	5206	0.00137	15353	0.00546	11201	0.00287	9110	0.00376	1767	0.00048	3137	0.00135	89546	0.0044	22396	0.00512	27207	0.00592	14407	0.00361	32507	0.01132	9121	0.0029	15216	0.00202	10239	0.00244	4814	0.00222	34247	0.00242	235679	0.0059	25384	0.00333	17604	0.00429	43267	0.01426
Dysosmobacter welbionis	2093857	S	86727	0.00428	3256	0.00111	109754	0.00431	12615	0.00395	10127	0.00575	48435	0.00664	36117	0.00847	5218	0.00137	13057	0.00464	9852	0.00253	7786	0.00322	417	0.00011	9228	0.00397	122388	0.00601	35493	0.00812	16251	0.00354	6807	0.0017	12994	0.00453	9885	0.00315	32699	0.00434	4780	0.00114	3115	0.00144	71466	0.00504	378936	0.00948	20102	0.00264	13871	0.00338	22158	0.0073
Bacteroides salyersiae	291644	S	17490	0.00086	92774	0.03152	14313	0.00056	73545	0.02303	1041	0.00059	3440	0.00047	13871	0.00325	4930	0.0013	3258	0.00116	2906	0.00075	1137	0.00047	35	0.00001	3774	0.00162	214230	0.01052	4052	0.00093	50670	0.01103	1912	0.00048	29809	0.01038	940	0.0003	23707	0.00315	8975	0.00214	2440	0.00113	13844	0.00098	41855	0.00105	13228	0.00174	5468	0.00133	1358	0.00045
Roseburia intestinalis	166486	S	17186	0.00085	3150	0.00107	38976	0.00153	3852	0.00121	4176	0.00237	21847	0.00299	15159	0.00355	24315	0.00641	4453	0.00158	36303	0.00931	11943	0.00493	515	0.00014	2061	0.00089	86588	0.00425	19051	0.00436	87622	0.01908	41671	0.01043	5663	0.00197	6139	0.00195	43427	0.00577	1394	0.00033	5263	0.00243	25165	0.00178	66088	0.00165	113825	0.01495	7703	0.00188	10600	0.00349
Oscillibacter sp. PEA192	2109687	S	68035	0.00336	3242	0.0011	127037	0.00498	17647	0.00553	10616	0.00602	51618	0.00707	11930	0.0028	7633	0.00201	16768	0.00596	8061	0.00207	5454	0.00225	200	0.00005	5781	0.00249	72155	0.00354	42322	0.00968	12910	0.00281	10015	0.00251	12266	0.00427	7655	0.00244	41040	0.00545	6322	0.00151	6880	0.00317	94707	0.00668	295154	0.00738	34106	0.00448	25568	0.00622	13690	0.00451
Bacteroides sp. A1C1	2528203	S	671	0.00003	8755	0.00297	1120	0.00004	12476	0.00391	424	0.00024	5498	0.00075	30616	0.00718	6676	0.00176	6269	0.00223	1499	0.00038	42	0.00002	0	0	5274	0.00227	9109	0.00045	25136	0.00575	7288	0.00159	11178	0.0028	39878	0.01389	396	0.00013	12245	0.00163	12639	0.00302	654	0.0003	75667	0.00534	134033	0.00335	312932	0.04109	30150	0.00734	659	0.00022
Ruthenibacterium lactatiformans	1550024	S	151017	0.00746	1189	0.0004	71124	0.00279	2618	0.00082	24230	0.01375	11002	0.00151	4017	0.00094	1630	0.00043	32059	0.01139	3610	0.00093	2578	0.00106	334	0.00009	35820	0.01542	244542	0.01201	12265	0.00281	6483	0.00141	4784	0.0012	28095	0.00979	5905	0.00188	4990	0.00066	9052	0.00216	1964	0.00091	27076	0.00191	84023	0.0021	3506	0.00046	11110	0.0027	18234	0.00601
Faecalibacterium taiwanense	3030638	S	126396	0.00624	347	0.00012	8005	0.00031	1292	0.0004	14466	0.00821	36164	0.00495	18425	0.00432	2125	0.00056	1717	0.00061	10406	0.00267	7653	0.00316	54	0.00001	3088	0.00133	104412	0.00513	8172	0.00187	18200	0.00396	59850	0.01499	2609	0.00091	6452	0.00205	20214	0.00268	53839	0.01285	1123	0.00052	188197	0.01328	50391	0.00126	13024	0.00171	469	0.00011	14253	0.0047
Alistipes communis	2585118	S	25743	0.00127	2579	0.00088	6664	0.00026	4680	0.00147	6883	0.00391	20280	0.00278	4563	0.00107	511	0.00013	8305	0.00295	22336	0.00573	12542	0.00518	12	0	5879	0.00253	324511	0.01594	12160	0.00278	35504	0.00773	1765	0.00044	14082	0.00491	23588	0.00751	36687	0.00487	4408	0.00105	1484	0.00068	10581	0.00075	403955	0.0101	311	0.00004	152	0.00004	35398	0.01167
Bacteroides humanifaecis	2792859	S	1430	0.00007	10957	0.00372	1484	0.00006	19365	0.00607	1061	0.0006	18842	0.00258	19295	0.00452	6551	0.00173	8457	0.00301	2389	0.00061	372	0.00015	0	0	6441	0.00277	16645	0.00082	23787	0.00544	9786	0.00213	10934	0.00274	47880	0.01668	1595	0.00051	14624	0.00194	27937	0.00667	90	0.00004	132049	0.00932	177757	0.00445	81998	0.01077	30485	0.00742	1659	0.00055
