name	taxonomy_id	taxonomy_lvl	SRR24907823.bracken_num	SRR24907823.bracken_frac	SRR24907825.bracken_num	SRR24907825.bracken_frac	SRR24907828.bracken_num	SRR24907828.bracken_frac	SRR24907832.bracken_num	SRR24907832.bracken_frac	SRR24907836.bracken_num	SRR24907836.bracken_frac	SRR24907840.bracken_num	SRR24907840.bracken_frac	SRR24907841.bracken_num	SRR24907841.bracken_frac	SRR24907845.bracken_num	SRR24907845.bracken_frac	SRR24907847.bracken_num	SRR24907847.bracken_frac	SRR24907854.bracken_num	SRR24907854.bracken_frac	SRR24907860.bracken_num	SRR24907860.bracken_frac	SRR24907863.bracken_num	SRR24907863.bracken_frac	SRR24907868.bracken_num	SRR24907868.bracken_frac
Phocaeicola vulgatus	821	S	51234	0.01718	2542703	0.28583	1617433	0.41056	223911	0.06887	1015262	0.1573	1175	0.00024	686572	0.14942	860213	0.17736	17989	0.00644	18723	0.00497	130960	0.01452	6507	0.00273	969218	0.14969
Phocaeicola dorei	357276	S	599768	0.20116	60606	0.00681	35719	0.00907	66159	0.02035	725989	0.11248	949	0.00019	246766	0.05371	53009	0.01093	461765	0.16534	376283	0.09993	2627622	0.29125	300620	0.12634	18734	0.00289
Bacteroides fragilis	817	S	109629	0.03677	75596	0.0085	17640	0.00448	18373	0.00565	97495	0.01511	3621819	0.7289	58771	0.01279	105851	0.02182	214000	0.07663	19535	0.00519	534550	0.05925	26908	0.01131	140240	0.02166
Bacteroides uniformis	820	S	704032	0.23613	78766	0.00885	409450	0.10393	144054	0.04431	67512	0.01046	2406	0.00048	643444	0.14004	265595	0.05476	90538	0.03242	205282	0.05452	442179	0.04901	275349	0.11572	702856	0.10855
Bacteroides stercoris	46506	S	2887	0.00097	71704	0.00806	3903	0.00099	1414434	0.43502	5778	0.0009	6659	0.00134	274101	0.05965	1015	0.00021	665	0.00024	1777	0.00047	3233	0.00036	141455	0.05945	607867	0.09388
Bacteroides intestinalis	329854	S	5018	0.00168	2548	0.00029	577	0.00015	25332	0.00779	2399	0.00037	123	0.00002	248635	0.05411	3483	0.00072	86008	0.0308	1200597	0.31885	477724	0.05295	171898	0.07225	9509	0.00147
Bacteroides thetaiotaomicron	818	S	18654	0.00626	434086	0.0488	28067	0.00712	146743	0.04513	282998	0.04385	5657	0.00114	101124	0.02201	23561	0.00486	191966	0.06874	513632	0.13641	917132	0.10166	41816	0.01757	38684	0.00597
Bacteroides ovatus	28116	S	10210	0.00342	22056	0.00248	186834	0.04742	105749	0.03252	923235	0.14304	1117	0.00022	39516	0.0086	226826	0.04677	100293	0.03591	23500	0.00624	136135	0.01509	17069	0.00717	366022	0.05653
Bacteroides xylanisolvens	371601	S	13169	0.00442	37707	0.00424	36746	0.00933	43770	0.01346	109012	0.01689	89	0.00002	211973	0.04613	194740	0.04015	316256	0.11324	5332	0.00142	424243	0.04702	11468	0.00482	160677	0.02482
Parabacteroides distasonis	823	S	7844	0.00263	219084	0.02463	111892	0.0284	64726	0.01991	189471	0.02936	1572	0.00032	139942	0.03046	11453	0.00236	123451	0.0442	18045	0.00479	225821	0.02503	130859	0.055	212908	0.03288
Akkermansia muciniphila	239935	S	32750	0.01098	215	0.00002	9519	0.00242	56153	0.01727	188	0.00003	155	0.00003	1058	0.00023	2340	0.00048	289764	0.10375	315020	0.08366	116579	0.01292	24555	0.01032	259	0.00004
Bacteroides cellulosilyticus	246787	S	196512	0.06591	4334	0.00049	2793	0.00071	21993	0.00676	273642	0.0424	1234	0.00025	18632	0.00406	221128	0.04559	10303	0.00369	56873	0.0151	56834	0.0063	78965	0.03319	12583	0.00194
Parabacteroides merdae	46503	S	602	0.0002	196669	0.02211	36205	0.00919	85451	0.02628	276078	0.04277	281	0.00006	84104	0.0183	94754	0.01954	23845	0.00854	1328	0.00035	1135	0.00013	91984	0.03866	212773	0.03286
Bacteroides eggerthii	28111	S	3216	0.00108	3786	0.00043	645650	0.16389	13487	0.00415	2757	0.00043	444	0.00009	11113	0.00242	2395	0.00049	352	0.00013	1141	0.0003	2823	0.00031	100037	0.04204	17417	0.00269
Faecalibacterium prausnitzii	853	S	44453	0.01491	25856	0.00291	6443	0.00164	22486	0.00692	29324	0.00454	2252	0.00045	51966	0.01131	182548	0.03764	41464	0.01485	134221	0.03565	165251	0.01832	21175	0.0089	166621	0.02573
Bacteroides caccae	47678	S	105517	0.03539	343801	0.03865	4423	0.00112	1951	0.0006	212815	0.03297	1817	0.00037	53073	0.01155	59923	0.01235	43944	0.01573	1261	0.00033	5268	0.00058	23818	0.01001	141761	0.02189
Segatella copri	165179	S	1649	0.00055	1578325	0.17742	1388	0.00035	724	0.00022	1490	0.00023	101	0.00002	695	0.00015	3008	0.00062	826	0.0003	934	0.00025	446	0.00005	434	0.00018	3054	0.00047
Agathobacter rectalis	39491	S	124652	0.04181	112451	0.01264	25542	0.00648	3344	0.00103	81134	0.01257	3845	0.00077	132632	0.02887	100361	0.02069	12136	0.00435	15023	0.00399	65915	0.00731	70793	0.02975	25011	0.00386
Alistipes putredinis	28117	S	59307	0.01989	87819	0.00987	80099	0.02033	79899	0.02457	87655	0.01358	0	0	112163	0.02441	4784	0.00099	119091	0.04264	188	0.00005	305	0.00003	34097	0.01433	439	0.00007
Simiaoa sunii	2763672	S	32699	0.01097	5543	0.00062	1637	0.00042	27030	0.00831	805	0.00012	1381	0.00028	17056	0.00371	49765	0.01026	88095	0.03154	83023	0.02205	3862	0.00043	80777	0.03395	60691	0.00937
Bacteroides sp. CACC 737	2755405	S	21172	0.0071	4588	0.00052	5374	0.00136	1701	0.00052	734282	0.11377	0	0	7472	0.00163	954	0.0002	120	0.00004	1852	0.00049	10875	0.00121	5778	0.00243	15892	0.00245
Alistipes onderdonkii	328813	S	143012	0.04797	3804	0.00043	3325	0.00084	28837	0.00887	77681	0.01204	21	0	20044	0.00436	14640	0.00302	3231	0.00116	223	0.00006	8956	0.00099	2139	0.0009	257098	0.03971
Alistipes finegoldii	214856	S	20776	0.00697	1657	0.00019	1446	0.00037	1933	0.00059	20513	0.00318	398	0.00008	1720	0.00037	5297	0.00109	59985	0.02148	81	0.00002	580077	0.0643	35117	0.01476	11979	0.00185
Segatella hominis	2518605	S	28	0.00001	889113	0.09995	41	0.00001	54	0.00002	106	0.00002	12	0	88	0.00002	83	0.00002	126	0.00005	87	0.00002	36	0	68	0.00003	508	0.00008
Alistipes shahii	328814	S	7566	0.00254	11861	0.00133	42491	0.01079	39053	0.01201	26001	0.00403	0	0	81747	0.01779	171990	0.03546	23994	0.00859	429	0.00011	5504	0.00061	2594	0.00109	6022	0.00093
Flavonifractor plautii	292800	S	5526	0.00185	53301	0.00599	44137	0.0112	23380	0.00719	22419	0.00347	179828	0.03619	26138	0.00569	21463	0.00443	5663	0.00203	11928	0.00317	36881	0.00409	5119	0.00215	38178	0.0059
Roseburia intestinalis	166486	S	48358	0.01622	3453	0.00039	2963	0.00075	11112	0.00342	3483	0.00054	30536	0.00615	29727	0.00647	65317	0.01347	17680	0.00633	21476	0.0057	117832	0.01306	12778	0.00537	72986	0.01127
Phascolarctobacterium faecium	33025	S	64	0.00002	124278	0.01397	43188	0.01096	51886	0.01596	46114	0.00714	100	0.00002	108	0.00002	41676	0.00859	444	0.00016	143	0.00004	154207	0.01709	31941	0.01342	98	0.00002
Megamonas funiformis	437897	S	24	0.00001	549899	0.06182	16	0	0	0	16	0	79724	0.01604	25	0.00001	202	0.00004	47	0.00002	81	0.00002	62	0.00001	88	0.00004	65	0.00001
Roseburia faecis	301302	S	22973	0.00771	1197	0.00013	12125	0.00308	4007	0.00123	7995	0.00124	28511	0.00574	28242	0.00615	178962	0.0369	1806	0.00065	4821	0.00128	5691	0.00063	6879	0.00289	35913	0.00555
Odoribacter splanchnicus	28118	S	1173	0.00039	45663	0.00513	9507	0.00241	12792	0.00393	42104	0.00652	32	0.00001	34283	0.00746	54270	0.01119	32913	0.01178	42495	0.01129	74913	0.0083	9060	0.00381	709	0.00011
Lachnospira eligens	39485	S	6590	0.00221	8734	0.00098	1263	0.00032	18907	0.00582	6227	0.00096	1163	0.00023	3285	0.00071	43394	0.00895	2987	0.00107	24652	0.00655	62090	0.00688	6115	0.00257	186234	0.02876
Bacteroides salyersiae	291644	S	144117	0.04834	9298	0.00105	3390	0.00086	12437	0.00383	5767	0.00089	1407	0.00028	9734	0.00212	8093	0.00167	1662	0.0006	5916	0.00157	13589	0.00151	2334	0.00098	6969	0.00108
Barnesiella intestinihominis	487174	S	47	0.00002	315972	0.03552	28	0.00001	48	0.00001	43	0.00001	11	0	72432	0.01576	107	0.00002	28507	0.01021	97	0.00003	152	0.00002	89	0.00004	821	0.00013
Blautia wexlerae	418240	S	12980	0.00435	21735	0.00244	19131	0.00486	11831	0.00364	6958	0.00108	9400	0.00189	21564	0.00469	17511	0.00361	17987	0.00644	11885	0.00316	150493	0.01668	11566	0.00486	22323	0.00345
Mediterraneibacter gnavus	33038	S	5533	0.00186	30271	0.0034	6560	0.00167	8301	0.00255	5381	0.00083	119513	0.02405	13338	0.0029	22333	0.0046	6845	0.00245	11039	0.00293	38196	0.00423	12497	0.00525	26534	0.0041
Bacteroides faecis	674529	S	5030	0.00169	5487	0.00062	120337	0.03055	25965	0.00799	10710	0.00166	591	0.00012	29034	0.00632	3188	0.00066	3425	0.00123	7263	0.00193	16203	0.0018	1426	0.0006	14628	0.00226
Dysosmobacter welbionis	2093857	S	3915	0.00131	21045	0.00237	4269	0.00108	23378	0.00719	9584	0.00148	25970	0.00523	26695	0.00581	29510	0.00608	6605	0.00236	8512	0.00226	16297	0.00181	16319	0.00686	32319	0.00499
Oscillibacter sp. PEA192	2109687	S	4538	0.00152	29668	0.00334	6993	0.00178	16135	0.00496	11913	0.00185	25311	0.00509	23597	0.00514	20266	0.00418	10294	0.00369	8541	0.00227	21004	0.00233	15116	0.00635	36603	0.00565
Bacteroides sp. MSB163	3117552	S	19329	0.00648	1162	0.00013	1052	0.00027	5393	0.00166	4736	0.00073	448	0.00009	13470	0.00293	9237	0.0019	10067	0.0036	47591	0.01264	90952	0.01008	11848	0.00498	1448	0.00022
Bacteroides sp. DH3716P	2847299	S	2577	0.00086	26525	0.00298	88987	0.02259	4819	0.00148	20509	0.00318	1583	0.00032	5917	0.00129	5037	0.00104	11170	0.004	2044	0.00054	15355	0.0017	2153	0.0009	9875	0.00153
Bacteroides humanifaecis	2792859	S	24000	0.00805	56471	0.00635	13508	0.00343	8592	0.00264	13843	0.00214	0	0	23850	0.00519	1993	0.00041	6209	0.00222	8850	0.00235	14207	0.00157	8587	0.00361	17940	0.00277
Escherichia coli	562	S	1460	0.00049	1959	0.00022	75	0.00002	596	0.00018	751	0.00012	44646	0.00899	12074	0.00263	9599	0.00198	578	0.00021	944	0.00025	1608	0.00018	2542	0.00107	138321	0.02136
[Ruminococcus] torques	33039	S	8527	0.00286	59116	0.00665	7910	0.00201	9563	0.00294	8299	0.00129	5363	0.00108	25934	0.00564	11643	0.0024	11188	0.00401	4276	0.00114	7339	0.00081	6256	0.00263	27143	0.00419
Alistipes communis	2585118	S	15550	0.00522	5799	0.00065	5288	0.00134	4446	0.00137	19767	0.00306	18	0	1609	0.00035	32123	0.00662	9502	0.0034	48068	0.01277	885	0.0001	4708	0.00198	4515	0.0007
Akkermansia massiliensis	2927224	S	0	0	0	0	0	0	30	0.00001	0	0	0	0	136	0.00003	174822	0.03604	23	0.00001	34	0.00001	171	0.00002	0	0	15	0
Bacteroides sp. HF-162	2785531	S	22894	0.00768	8297	0.00093	23929	0.00607	2074	0.00064	26058	0.00404	34	0.00001	17249	0.00375	1777	0.00037	7902	0.00283	10807	0.00287	17394	0.00193	3516	0.00148	19016	0.00294
Bacteroides sp. A1C1	2528203	S	17460	0.00586	8898	0.001	9929	0.00252	12729	0.00391	49635	0.00769	381	0.00008	8928	0.00194	976	0.0002	330	0.00012	6196	0.00165	17344	0.00192	4190	0.00176	42585	0.00658
Blautia obeum	40520	S	7194	0.00241	3321	0.00037	2388	0.00061	5897	0.00181	3000	0.00046	25374	0.00511	9191	0.002	32271	0.00665	5169	0.00185	15962	0.00424	13079	0.00145	9430	0.00396	25265	0.0039
